NSTACK =       1000000
NBUFFER =      3477992
MAXUSE_STACK =  0.073   

MAXUSE_CON   =  0       

MAXUSE_EFC   =  0       

WARNING

TIMER

SOLVER_ITER = 0
SOLVER_NNZ = 0

SOLVER_FWDINV
   0         0        
  
NE =           0
NF =           0
NEFC =         0
NCON =         0
TIME =         0       
ENERGY =       0         0       

QPOS
   6        
  -10       
   1.4      
   1        
   0        
   0        
   0        
   0        
   0        
   0        
   0        
   0        
   0        
   0        
   0        
   0        
   0        
   0        
   0        
   0        
   0        
   0        
   0        
   0        
   0        
   0        
   0        
   0        
  
QVEL
   0        
   0        
   0        
   0        
   0        
   0        
   0        
   0        
   0        
   0        
   0        
   0        
   0        
   0        
   0        
   0        
   0        
   0        
   0        
   0        
   0        
   0        
   0        
   0        
   0        
   0        
   0        
  
ACT
  
CTRL
   0        
   0        
   0        
   0        
   0        
   0        
   0        
   0        
   0        
   0        
   0        
   0        
   0        
   0        
   0        
   0        
   0        
   0        
   0        
   0        
   0        
  
QFRC_APPLIED
   0        
   0        
   0        
   0        
   0        
   0        
   0        
   0        
   0        
   0        
   0        
   0        
   0        
   0        
   0        
   0        
   0        
   0        
   0        
   0        
   0        
   0        
   0        
   0        
   0        
   0        
   0        
   0        
  
XFRC_APPLIED
   0         0         0         0         0         0        
   0         0         0         0         0         0        
   0         0         0         0         0         0        
   0         0         0         0         0         0        
   0         0         0         0         0         0        
   0         0         0         0         0         0        
   0         0         0         0         0         0        
   0         0         0         0         0         0        
   0         0         0         0         0         0        
   0         0         0         0         0         0        
   0         0         0         0         0         0        
   0         0         0         0         0         0        
   0         0         0         0         0         0        
   0         0         0         0         0         0        
  
QACC
   0        
   0        
   0        
   0        
   0        
   0        
   0        
   0        
   0        
   0        
   0        
   0        
   0        
   0        
   0        
   0        
   0        
   0        
   0        
   0        
   0        
   0        
   0        
   0        
   0        
   0        
   0        
  
ACT_DOT
  
MOCAP_POS
  
MOCAP_QUAT
  
USERDATA
  
SENSOR
   0        
   0        
   0        
   0        
   0        
   0        
   0        
   0        
   0        
   0        
   0        
   0        
   0        
   0        
   0        
   0        
   0        
   0        
   0        
   0        
   0        
   0        
   0        
   0        
   0        
   0        
   0        
   0        
   0        
   0        
   0        
   0        
   0        
   0        
   0        
   0        
   0        
   0        
   0        
   0        
   0        
   0        
   0        
   0        
   0        
   0        
   0        
   0        
   0        
   0        
   0        
   0        
  
XPOS
   0         0         0        
   0         0         0        
   0         0         0        
   0         0         0        
   0         0         0        
   0         0         0        
   0         0         0        
   0         0         0        
   0         0         0        
   0         0         0        
   0         0         0        
   0         0         0        
   0         0         0        
   0         0         0        
  
XQUAT
   0         0         0         0        
   0         0         0         0        
   0         0         0         0        
   0         0         0         0        
   0         0         0         0        
   0         0         0         0        
   0         0         0         0        
   0         0         0         0        
   0         0         0         0        
   0         0         0         0        
   0         0         0         0        
   0         0         0         0        
   0         0         0         0        
   0         0         0         0        
  
XMAT
   0         0         0         0         0         0         0         0         0        
   0         0         0         0         0         0         0         0         0        
   0         0         0         0         0         0         0         0         0        
   0         0         0         0         0         0         0         0         0        
   0         0         0         0         0         0         0         0         0        
   0         0         0         0         0         0         0         0         0        
   0         0         0         0         0         0         0         0         0        
   0         0         0         0         0         0         0         0         0        
   0         0         0         0         0         0         0         0         0        
   0         0         0         0         0         0         0         0         0        
   0         0         0         0         0         0         0         0         0        
   0         0         0         0         0         0         0         0         0        
   0         0         0         0         0         0         0         0         0        
   0         0         0         0         0         0         0         0         0        
  
XIPOS
   0         0         0        
   0         0         0        
   0         0         0        
   0         0         0        
   0         0         0        
   0         0         0        
   0         0         0        
   0         0         0        
   0         0         0        
   0         0         0        
   0         0         0        
   0         0         0        
   0         0         0        
   0         0         0        
  
XIMAT
   0         0         0         0         0         0         0         0         0        
   0         0         0         0         0         0         0         0         0        
   0         0         0         0         0         0         0         0         0        
   0         0         0         0         0         0         0         0         0        
   0         0         0         0         0         0         0         0         0        
   0         0         0         0         0         0         0         0         0        
   0         0         0         0         0         0         0         0         0        
   0         0         0         0         0         0         0         0         0        
   0         0         0         0         0         0         0         0         0        
   0         0         0         0         0         0         0         0         0        
   0         0         0         0         0         0         0         0         0        
   0         0         0         0         0         0         0         0         0        
   0         0         0         0         0         0         0         0         0        
   0         0         0         0         0         0         0         0         0        
  
XANCHOR
   0         0         0        
   0         0         0        
   0         0         0        
   0         0         0        
   0         0         0        
   0         0         0        
   0         0         0        
   0         0         0        
   0         0         0        
   0         0         0        
   0         0         0        
   0         0         0        
   0         0         0        
   0         0         0        
   0         0         0        
   0         0         0        
   0         0         0        
   0         0         0        
   0         0         0        
   0         0         0        
   0         0         0        
   0         0         0        
  
XAXIS
   0         0         0        
   0         0         0        
   0         0         0        
   0         0         0        
   0         0         0        
   0         0         0        
   0         0         0        
   0         0         0        
   0         0         0        
   0         0         0        
   0         0         0        
   0         0         0        
   0         0         0        
   0         0         0        
   0         0         0        
   0         0         0        
   0         0         0        
   0         0         0        
   0         0         0        
   0         0         0        
   0         0         0        
   0         0         0        
  
GEOM_XPOS
   0         0         0        
   0         0         0        
   0         0         0        
   0         0         0        
   0         0         0        
   0         0         0        
   0         0         0        
   0         0         0        
   0         0         0        
   0         0         0        
   0         0         0        
   0         0         0        
   0         0         0        
   0         0         0        
   0         0         0        
   0         0         0        
   0         0         0        
   0         0         0        
   0         0         0        
   0         0         0        
  
GEOM_XMAT
   0         0         0         0         0         0         0         0         0        
   0         0         0         0         0         0         0         0         0        
   0         0         0         0         0         0         0         0         0        
   0         0         0         0         0         0         0         0         0        
   0         0         0         0         0         0         0         0         0        
   0         0         0         0         0         0         0         0         0        
   0         0         0         0         0         0         0         0         0        
   0         0         0         0         0         0         0         0         0        
   0         0         0         0         0         0         0         0         0        
   0         0         0         0         0         0         0         0         0        
   0         0         0         0         0         0         0         0         0        
   0         0         0         0         0         0         0         0         0        
   0         0         0         0         0         0         0         0         0        
   0         0         0         0         0         0         0         0         0        
   0         0         0         0         0         0         0         0         0        
   0         0         0         0         0         0         0         0         0        
   0         0         0         0         0         0         0         0         0        
   0         0         0         0         0         0         0         0         0        
   0         0         0         0         0         0         0         0         0        
   0         0         0         0         0         0         0         0         0        
  
SITE_XPOS
   0         0         0        
   0         0         0        
   0         0         0        
   0         0         0        
   0         0         0        
  
SITE_XMAT
   0         0         0         0         0         0         0         0         0        
   0         0         0         0         0         0         0         0         0        
   0         0         0         0         0         0         0         0         0        
   0         0         0         0         0         0         0         0         0        
   0         0         0         0         0         0         0         0         0        
  
CAM_XPOS
   0         0         0        
   0         0         0        
  
CAM_XMAT
   0         0         0         0         0         0         0         0         0        
   0         0         0         0         0         0         0         0         0        
  
LIGHT_XPOS
   0         0         0        
  
LIGHT_XDIR
   0         0         0        
  
SUBTREE_COM
   0         0         0        
   0         0         0        
   0         0         0        
   0         0         0        
   0         0         0        
   0         0         0        
   0         0         0        
   0         0         0        
   0         0         0        
   0         0         0        
   0         0         0        
   0         0         0        
   0         0         0        
   0         0         0        
  
CDOF
   0         0         0         0         0         0        
   0         0         0         0         0         0        
   0         0         0         0         0         0        
   0         0         0         0         0         0        
   0         0         0         0         0         0        
   0         0         0         0         0         0        
   0         0         0         0         0         0        
   0         0         0         0         0         0        
   0         0         0         0         0         0        
   0         0         0         0         0         0        
   0         0         0         0         0         0        
   0         0         0         0         0         0        
   0         0         0         0         0         0        
   0         0         0         0         0         0        
   0         0         0         0         0         0        
   0         0         0         0         0         0        
   0         0         0         0         0         0        
   0         0         0         0         0         0        
   0         0         0         0         0         0        
   0         0         0         0         0         0        
   0         0         0         0         0         0        
   0         0         0         0         0         0        
   0         0         0         0         0         0        
   0         0         0         0         0         0        
   0         0         0         0         0         0        
   0         0         0         0         0         0        
   0         0         0         0         0         0        
  
CINERT
   0         0         0         0         0         0         0         0         0         0        
   0         0         0         0         0         0         0         0         0         0        
   0         0         0         0         0         0         0         0         0         0        
   0         0         0         0         0         0         0         0         0         0        
   0         0         0         0         0         0         0         0         0         0        
   0         0         0         0         0         0         0         0         0         0        
   0         0         0         0         0         0         0         0         0         0        
   0         0         0         0         0         0         0         0         0         0        
   0         0         0         0         0         0         0         0         0         0        
   0         0         0         0         0         0         0         0         0         0        
   0         0         0         0         0         0         0         0         0         0        
   0         0         0         0         0         0         0         0         0         0        
   0         0         0         0         0         0         0         0         0         0        
   0         0         0         0         0         0         0         0         0         0        
  
TEN_LENGTH
  
TEN_MOMENT
  
ACTUATOR_LENGTH
   0        
   0        
   0        
   0        
   0        
   0        
   0        
   0        
   0        
   0        
   0        
   0        
   0        
   0        
   0        
   0        
   0        
   0        
   0        
   0        
   0        
  
ACTUATOR_MOMENT
   0         0         0         0         0         0         0         0         0         0         0         0         0         0         0         0         0         0         0         0         0         0         0         0         0         0         0        
   0         0         0         0         0         0         0         0         0         0         0         0         0         0         0         0         0         0         0         0         0         0         0         0         0         0         0        
   0         0         0         0         0         0         0         0         0         0         0         0         0         0         0         0         0         0         0         0         0         0         0         0         0         0         0        
   0         0         0         0         0         0         0         0         0         0         0         0         0         0         0         0         0         0         0         0         0         0         0         0         0         0         0        
   0         0         0         0         0         0         0         0         0         0         0         0         0         0         0         0         0         0         0         0         0         0         0         0         0         0         0        
   0         0         0         0         0         0         0         0         0         0         0         0         0         0         0         0         0         0         0         0         0         0         0         0         0         0         0        
   0         0         0         0         0         0         0         0         0         0         0         0         0         0         0         0         0         0         0         0         0         0         0         0         0         0         0        
   0         0         0         0         0         0         0         0         0         0         0         0         0         0         0         0         0         0         0         0         0         0         0         0         0         0         0        
   0         0         0         0         0         0         0         0         0         0         0         0         0         0         0         0         0         0         0         0         0         0         0         0         0         0         0        
   0         0         0         0         0         0         0         0         0         0         0         0         0         0         0         0         0         0         0         0         0         0         0         0         0         0         0        
   0         0         0         0         0         0         0         0         0         0         0         0         0         0         0         0         0         0         0         0         0         0         0         0         0         0         0        
   0         0         0         0         0         0         0         0         0         0         0         0         0         0         0         0         0         0         0         0         0         0         0         0         0         0         0        
   0         0         0         0         0         0         0         0         0         0         0         0         0         0         0         0         0         0         0         0         0         0         0         0         0         0         0        
   0         0         0         0         0         0         0         0         0         0         0         0         0         0         0         0         0         0         0         0         0         0         0         0         0         0         0        
   0         0         0         0         0         0         0         0         0         0         0         0         0         0         0         0         0         0         0         0         0         0         0         0         0         0         0        
   0         0         0         0         0         0         0         0         0         0         0         0         0         0         0         0         0         0         0         0         0         0         0         0         0         0         0        
   0         0         0         0         0         0         0         0         0         0         0         0         0         0         0         0         0         0         0         0         0         0         0         0         0         0         0        
   0         0         0         0         0         0         0         0         0         0         0         0         0         0         0         0         0         0         0         0         0         0         0         0         0         0         0        
   0         0         0         0         0         0         0         0         0         0         0         0         0         0         0         0         0         0         0         0         0         0         0         0         0         0         0        
   0         0         0         0         0         0         0         0         0         0         0         0         0         0         0         0         0         0         0         0         0         0         0         0         0         0         0        
   0         0         0         0         0         0         0         0         0         0         0         0         0         0         0         0         0         0         0         0         0         0         0         0         0         0         0        
  
CRB
   0         0         0         0         0         0         0         0         0         0        
   0         0         0         0         0         0         0         0         0         0        
   0         0         0         0         0         0         0         0         0         0        
   0         0         0         0         0         0         0         0         0         0        
   0         0         0         0         0         0         0         0         0         0        
   0         0         0         0         0         0         0         0         0         0        
   0         0         0         0         0         0         0         0         0         0        
   0         0         0         0         0         0         0         0         0         0        
   0         0         0         0         0         0         0         0         0         0        
   0         0         0         0         0         0         0         0         0         0        
   0         0         0         0         0         0         0         0         0         0        
   0         0         0         0         0         0         0         0         0         0        
   0         0         0         0         0         0         0         0         0         0        
   0         0         0         0         0         0         0         0         0         0        
  
QM
   0         0         0         0         0         0         0         0         0         0         0         0         0         0         0         0         0         0         0         0         0         0         0         0         0         0         0        
   0         0         0         0         0         0         0         0         0         0         0         0         0         0         0         0         0         0         0         0         0         0         0         0         0         0         0        
   0         0         0         0         0         0         0         0         0         0         0         0         0         0         0         0         0         0         0         0         0         0         0         0         0         0         0        
   0         0         0         0         0         0         0         0         0         0         0         0         0         0         0         0         0         0         0         0         0         0         0         0         0         0         0        
   0         0         0         0         0         0         0         0         0         0         0         0         0         0         0         0         0         0         0         0         0         0         0         0         0         0         0        
   0         0         0         0         0         0         0         0         0         0         0         0         0         0         0         0         0         0         0         0         0         0         0         0         0         0         0        
   0         0         0         0         0         0         0         0         0         0         0         0         0         0         0         0         0         0         0         0         0         0         0         0         0         0         0        
   0         0         0         0         0         0         0         0         0         0         0         0         0         0         0         0         0         0         0         0         0         0         0         0         0         0         0        
   0         0         0         0         0         0         0         0         0         0         0         0         0         0         0         0         0         0         0         0         0         0         0         0         0         0         0        
   0         0         0         0         0         0         0         0         0         0         0         0         0         0         0         0         0         0         0         0         0         0         0         0         0         0         0        
   0         0         0         0         0         0         0         0         0         0         0         0         0         0         0         0         0         0         0         0         0         0         0         0         0         0         0        
   0         0         0         0         0         0         0         0         0         0         0         0         0         0         0         0         0         0         0         0         0         0         0         0         0         0         0        
   0         0         0         0         0         0         0         0         0         0         0         0         0         0         0         0         0         0         0         0         0         0         0         0         0         0         0        
   0         0         0         0         0         0         0         0         0         0         0         0         0         0         0         0         0         0         0         0         0         0         0         0         0         0         0        
   0         0         0         0         0         0         0         0         0         0         0         0         0         0         0         0         0         0         0         0         0         0         0         0         0         0         0        
   0         0         0         0         0         0         0         0         0         0         0         0         0         0         0         0         0         0         0         0         0         0         0         0         0         0         0        
   0         0         0         0         0         0         0         0         0         0         0         0         0         0         0         0         0         0         0         0         0         0         0         0         0         0         0        
   0         0         0         0         0         0         0         0         0         0         0         0         0         0         0         0         0         0         0         0         0         0         0         0         0         0         0        
   0         0         0         0         0         0         0         0         0         0         0         0         0         0         0         0         0         0         0         0         0         0         0         0         0         0         0        
   0         0         0         0         0         0         0         0         0         0         0         0         0         0         0         0         0         0         0         0         0         0         0         0         0         0         0        
   0         0         0         0         0         0         0         0         0         0         0         0         0         0         0         0         0         0         0         0         0         0         0         0         0         0         0        
   0         0         0         0         0         0         0         0         0         0         0         0         0         0         0         0         0         0         0         0         0         0         0         0         0         0         0        
   0         0         0         0         0         0         0         0         0         0         0         0         0         0         0         0         0         0         0         0         0         0         0         0         0         0         0        
   0         0         0         0         0         0         0         0         0         0         0         0         0         0         0         0         0         0         0         0         0         0         0         0         0         0         0        
   0         0         0         0         0         0         0         0         0         0         0         0         0         0         0         0         0         0         0         0         0         0         0         0         0         0         0        
   0         0         0         0         0         0         0         0         0         0         0         0         0         0         0         0         0         0         0         0         0         0         0         0         0         0         0        
   0         0         0         0         0         0         0         0         0         0         0         0         0         0         0         0         0         0         0         0         0         0         0         0         0         0         0        
  
QLD
   0         0         0         0         0         0         0         0         0         0         0         0         0         0         0         0         0         0         0         0         0         0         0         0         0         0         0        
   0         0         0         0         0         0         0         0         0         0         0         0         0         0         0         0         0         0         0         0         0         0         0         0         0         0         0        
   0         0         0         0         0         0         0         0         0         0         0         0         0         0         0         0         0         0         0         0         0         0         0         0         0         0         0        
   0         0         0         0         0         0         0         0         0         0         0         0         0         0         0         0         0         0         0         0         0         0         0         0         0         0         0        
   0         0         0         0         0         0         0         0         0         0         0         0         0         0         0         0         0         0         0         0         0         0         0         0         0         0         0        
   0         0         0         0         0         0         0         0         0         0         0         0         0         0         0         0         0         0         0         0         0         0         0         0         0         0         0        
   0         0         0         0         0         0         0         0         0         0         0         0         0         0         0         0         0         0         0         0         0         0         0         0         0         0         0        
   0         0         0         0         0         0         0         0         0         0         0         0         0         0         0         0         0         0         0         0         0         0         0         0         0         0         0        
   0         0         0         0         0         0         0         0         0         0         0         0         0         0         0         0         0         0         0         0         0         0         0         0         0         0         0        
   0         0         0         0         0         0         0         0         0         0         0         0         0         0         0         0         0         0         0         0         0         0         0         0         0         0         0        
   0         0         0         0         0         0         0         0         0         0         0         0         0         0         0         0         0         0         0         0         0         0         0         0         0         0         0        
   0         0         0         0         0         0         0         0         0         0         0         0         0         0         0         0         0         0         0         0         0         0         0         0         0         0         0        
   0         0         0         0         0         0         0         0         0         0         0         0         0         0         0         0         0         0         0         0         0         0         0         0         0         0         0        
   0         0         0         0         0         0         0         0         0         0         0         0         0         0         0         0         0         0         0         0         0         0         0         0         0         0         0        
   0         0         0         0         0         0         0         0         0         0         0         0         0         0         0         0         0         0         0         0         0         0         0         0         0         0         0        
   0         0         0         0         0         0         0         0         0         0         0         0         0         0         0         0         0         0         0         0         0         0         0         0         0         0         0        
   0         0         0         0         0         0         0         0         0         0         0         0         0         0         0         0         0         0         0         0         0         0         0         0         0         0         0        
   0         0         0         0         0         0         0         0         0         0         0         0         0         0         0         0         0         0         0         0         0         0         0         0         0         0         0        
   0         0         0         0         0         0         0         0         0         0         0         0         0         0         0         0         0         0         0         0         0         0         0         0         0         0         0        
   0         0         0         0         0         0         0         0         0         0         0         0         0         0         0         0         0         0         0         0         0         0         0         0         0         0         0        
   0         0         0         0         0         0         0         0         0         0         0         0         0         0         0         0         0         0         0         0         0         0         0         0         0         0         0        
   0         0         0         0         0         0         0         0         0         0         0         0         0         0         0         0         0         0         0         0         0         0         0         0         0         0         0        
   0         0         0         0         0         0         0         0         0         0         0         0         0         0         0         0         0         0         0         0         0         0         0         0         0         0         0        
   0         0         0         0         0         0         0         0         0         0         0         0         0         0         0         0         0         0         0         0         0         0         0         0         0         0         0        
   0         0         0         0         0         0         0         0         0         0         0         0         0         0         0         0         0         0         0         0         0         0         0         0         0         0         0        
   0         0         0         0         0         0         0         0         0         0         0         0         0         0         0         0         0         0         0         0         0         0         0         0         0         0         0        
   0         0         0         0         0         0         0         0         0         0         0         0         0         0         0         0         0         0         0         0         0         0         0         0         0         0         0        
  
QLDIAGINV
   0        
   0        
   0        
   0        
   0        
   0        
   0        
   0        
   0        
   0        
   0        
   0        
   0        
   0        
   0        
   0        
   0        
   0        
   0        
   0        
   0        
   0        
   0        
   0        
   0        
   0        
   0        
  
QLDIAGSQRTINV
   0        
   0        
   0        
   0        
   0        
   0        
   0        
   0        
   0        
   0        
   0        
   0        
   0        
   0        
   0        
   0        
   0        
   0        
   0        
   0        
   0        
   0        
   0        
   0        
   0        
   0        
   0        
  
CONTACT

EFC_TYPE
  
EFC_ID
  
EFC_SOLREF
  
EFC_SOLIMP
  
EFC_MARGIN
  
EFC_FRICTIONLOSS
  
EFC_POS
  
EFC_DIAGAPPROX
  
EFC_D
  
EFC_R
  
EFC_J
  
EFC_AR
  
TEN_VELOCITY
  
ACTUATOR_VELOCITY
   0        
   0        
   0        
   0        
   0        
   0        
   0        
   0        
   0        
   0        
   0        
   0        
   0        
   0        
   0        
   0        
   0        
   0        
   0        
   0        
   0        
  
CVEL
   0         0         0         0         0         0        
   0         0         0         0         0         0        
   0         0         0         0         0         0        
   0         0         0         0         0         0        
   0         0         0         0         0         0        
   0         0         0         0         0         0        
   0         0         0         0         0         0        
   0         0         0         0         0         0        
   0         0         0         0         0         0        
   0         0         0         0         0         0        
   0         0         0         0         0         0        
   0         0         0         0         0         0        
   0         0         0         0         0         0        
   0         0         0         0         0         0        
  
CDOF_DOT
   0         0         0         0         0         0        
   0         0         0         0         0         0        
   0         0         0         0         0         0        
   0         0         0         0         0         0        
   0         0         0         0         0         0        
   0         0         0         0         0         0        
   0         0         0         0         0         0        
   0         0         0         0         0         0        
   0         0         0         0         0         0        
   0         0         0         0         0         0        
   0         0         0         0         0         0        
   0         0         0         0         0         0        
   0         0         0         0         0         0        
   0         0         0         0         0         0        
   0         0         0         0         0         0        
   0         0         0         0         0         0        
   0         0         0         0         0         0        
   0         0         0         0         0         0        
   0         0         0         0         0         0        
   0         0         0         0         0         0        
   0         0         0         0         0         0        
   0         0         0         0         0         0        
   0         0         0         0         0         0        
   0         0         0         0         0         0        
   0         0         0         0         0         0        
   0         0         0         0         0         0        
   0         0         0         0         0         0        
  
QFRC_BIAS
   0        
   0        
   0        
   0        
   0        
   0        
   0        
   0        
   0        
   0        
   0        
   0        
   0        
   0        
   0        
   0        
   0        
   0        
   0        
   0        
   0        
   0        
   0        
   0        
   0        
   0        
   0        
  
QFRC_PASSIVE
   0        
   0        
   0        
   0        
   0        
   0        
   0        
   0        
   0        
   0        
   0        
   0        
   0        
   0        
   0        
   0        
   0        
   0        
   0        
   0        
   0        
   0        
   0        
   0        
   0        
   0        
   0        
  
EFC_VEL
  
EFC_AREF
  
SUBTREE_LINVEL
   0         0         0        
   0         0         0        
   0         0         0        
   0         0         0        
   0         0         0        
   0         0         0        
   0         0         0        
   0         0         0        
   0         0         0        
   0         0         0        
   0         0         0        
   0         0         0        
   0         0         0        
   0         0         0        
  
SUBTREE_ANGMOM
   0         0         0        
   0         0         0        
   0         0         0        
   0         0         0        
   0         0         0        
   0         0         0        
   0         0         0        
   0         0         0        
   0         0         0        
   0         0         0        
   0         0         0        
   0         0         0        
   0         0         0        
   0         0         0        
  
ACTUATOR_FORCE
   0        
   0        
   0        
   0        
   0        
   0        
   0        
   0        
   0        
   0        
   0        
   0        
   0        
   0        
   0        
   0        
   0        
   0        
   0        
   0        
   0        
  
QFRC_ACTUATOR
   0        
   0        
   0        
   0        
   0        
   0        
   0        
   0        
   0        
   0        
   0        
   0        
   0        
   0        
   0        
   0        
   0        
   0        
   0        
   0        
   0        
   0        
   0        
   0        
   0        
   0        
   0        
  
QFRC_UNC
   0        
   0        
   0        
   0        
   0        
   0        
   0        
   0        
   0        
   0        
   0        
   0        
   0        
   0        
   0        
   0        
   0        
   0        
   0        
   0        
   0        
   0        
   0        
   0        
   0        
   0        
   0        
  
QACC_UNC
   0        
   0        
   0        
   0        
   0        
   0        
   0        
   0        
   0        
   0        
   0        
   0        
   0        
   0        
   0        
   0        
   0        
   0        
   0        
   0        
   0        
   0        
   0        
   0        
   0        
   0        
   0        
  
EFC_B
  
EFC_FORCE
  
EFC_STATE
  
QFRC_CONSTRAINT
   0        
   0        
   0        
   0        
   0        
   0        
   0        
   0        
   0        
   0        
   0        
   0        
   0        
   0        
   0        
   0        
   0        
   0        
   0        
   0        
   0        
   0        
   0        
   0        
   0        
   0        
   0        
  
QACCC_WARMSTART
   0        
   0        
   0        
   0        
   0        
   0        
   0        
   0        
   0        
   0        
   0        
   0        
   0        
   0        
   0        
   0        
   0        
   0        
   0        
   0        
   0        
   0        
   0        
   0        
   0        
   0        
   0        
  
QFRC_INVERSE
   0        
   0        
   0        
   0        
   0        
   0        
   0        
   0        
   0        
   0        
   0        
   0        
   0        
   0        
   0        
   0        
   0        
   0        
   0        
   0        
   0        
   0        
   0        
   0        
   0        
   0        
   0        
  
CACC
   0         0         0         0         0         0        
   0         0         0         0         0         0        
   0         0         0         0         0         0        
   0         0         0         0         0         0        
   0         0         0         0         0         0        
   0         0         0         0         0         0        
   0         0         0         0         0         0        
   0         0         0         0         0         0        
   0         0         0         0         0         0        
   0         0         0         0         0         0        
   0         0         0         0         0         0        
   0         0         0         0         0         0        
   0         0         0         0         0         0        
   0         0         0         0         0         0        
  
CFRC_INT
   0         0         0         0         0         0        
   0         0         0         0         0         0        
   0         0         0         0         0         0        
   0         0         0         0         0         0        
   0         0         0         0         0         0        
   0         0         0         0         0         0        
   0         0         0         0         0         0        
   0         0         0         0         0         0        
   0         0         0         0         0         0        
   0         0         0         0         0         0        
   0         0         0         0         0         0        
   0         0         0         0         0         0        
   0         0         0         0         0         0        
   0         0         0         0         0         0        
  
CFRC_EXT
   0         0         0         0         0         0        
   0         0         0         0         0         0        
   0         0         0         0         0         0        
   0         0         0         0         0         0        
   0         0         0         0         0         0        
   0         0         0         0         0         0        
   0         0         0         0         0         0        
   0         0         0         0         0         0        
   0         0         0         0         0         0        
   0         0         0         0         0         0        
   0         0         0         0         0         0        
   0         0         0         0         0         0        
   0         0         0         0         0         0        
   0         0         0         0         0         0        
  
